0.1342431761970128
0.26636241355965945
0.4593442249722666
0.459633390061614
0.13096301989049458
0.12263648366444271
0.025893090764715545
0.47716208522519665
0.18689194772560289
0.007746197752091349
0.7208521393726988
0.12855119667917386
0.05503736552464279
0.06557527322300799
0.04023720980852847
0.07183555523905243
0.251351946877591
0.008353494800408227
0.01234512004987824
0.5798150353416188
0.054680822189299406
0.3508106329799649
0.01465634728105315
0.5473378441720169
0.29339057001904467
0.928036673013794
0.09524803696882764
0.05075541568846099
0.011575895302588958
0.1895202725458249
0.004370899250473332
0.16051522861312867
0.02329779529348871
0.004425174067296997
0.003079793234011852
0.007377213876854139
0.04462519855629921
0.01090734269061385
0.4545132191490799
0.04553017550263726
0.3316841351657903
0.2492139625008056
0.005757316986813349
0.08343589554900062
0.28921091962107176
0.06045148529798338
0.7099047016386096
0.42580589541277764
0.818662587019656
0.01202709648158639
0.21991601442184475
0.8815318969253029
0.08514059703385761
0.9387961552753988
0.07680596639660914
0.14091446817458714
0.12763726272447692
0.070350163819638
0.0929456911948742
0.32880957824609164
0.05774167328377889
0.019098711137261127
0.26482769551573554
0.9310828078889305
0.09086180377019566
0.5774911850433018
0.13741635845677644
0.8636411815510487
0.03154868520971298
0.6173388913182299
0.08538511545516606
0.2920290154677349
0.002600650471496789
0.02243051884667161
0.5044679644644495
0.6234839817286777
0.42272101920857347
0.168557666728588
0.036744847768212276
0.06114603746909691
0.8054344933449988
0.8977148391541282
0.702032477322409
0.7563864315555977
0.0825077130971736
0.6947444668456141
0.01718758395486878
0.03536468289170328
0.7269735704652954
0.8463514096740171
0.07520937951867364
0.3235542329989186
0.024255868427164894
0.5929397275661686
0.7544123788456236
0.25019663946651144
0.21321601353381425
0.45238112136162556
0.015451079913569362
0.20277494472059188
0.999991254033878
0.9999995412273783
0.99999487032053
0.9999999888765557
0.9993625581443203
0.9999996840505304
0.9990772513286775
0.9980168318804309
0.999995601586775
0.9999962549456798
0.999978209917182
0.9989369611780659
0.9976280749371673
0.999993186825782
0.9999999894211459
0.9999835321860869
0.999997350064519
0.99744462004436
0.9999765361162506
0.9983602224066539
0.999907322183216
0.9985734638081752
0.5534056068558373
0.942543862023548
0.93019691062852
0.8955276820689816
0.9984309463290324
0.9965172996785557
0.9998771160254757
0.9986424009697646
0.9922614300369714
0.9999999159062591
0.8663341124122589
0.9999299715571699
0.9212244873498314
0.9964088688368034
0.9182586116635202
0.9974149106203269
0.8262063419189405
0.9999997207245698
0.9605502631734667
0.999999968570454
0.9999999792768417
0.9999632812009569
0.9795942679688874
0.7282153103582824
0.9998500661072223
0.9664563605304025
0.9998217970801112
0.9993049923033521
0.9999960089007919
0.9933290294158762
0.9844689060016303
0.9981149628422131
0.9964387371581414
0.9999976170403092
0.9999999161389898
0.9861893659405941
0.9999602490289637
0.989331468444923
0.9706457230660204
0.9967929229559396
0.8399032311928467
0.999880625494315
0.999764675791158
0.9962016467654008
0.9999976990652272
0.9635967538411229
0.994481990816679
0.9238552127108638
0.9926337120338327
0.5453860296998942
0.5297541101693859
0.9988711124888251
0.9787562482422404
0.7956197450239917
0.9999499003172275
0.5548263902847469
0.5095799158180536
0.9999738734870885
0.9291736079328531
0.999086083933312
0.9999930781486837
0.9994141854641608
0.9567683250866231
0.9247291438233759
0.9985360652524902
0.9997752198835511
0.999995788374115
0.9989796253213235
0.9999443493345668
0.6238772471153036
0.9994974000340944
0.9999892853562844
0.9117533237894245
0.9993122746939519
0.9999998391255359
0.951880370861242
0.9518180046168714
0.999999939840248